0.0224372930793809	0.0202405492854137	0
0.604091034605779	-0.0763520937252369	0
1.47657164689538	0.213425835306715	0
0.40051222507154	-0.33100542529877	0
-1.15541153351158	-0.322224275934166	0
-0.108434798764059	0.0904897442022504	0
-0.370178982450938	0.116833192296064	0
-0.326554951836458	0.222206984671319	0
-0.384720325989098	-0.21685048355891	0
0.24055744615178	-0.23441278228812	0
0.24055744615178	-0.23441278228812	0
0.31326416384258	-0.647126802424536	0
-0.326554951836458	-0.366130022757189	0
-0.922750036901016	-0.23441278228812	0
-0.326554951836458	-0.366130022757189	0
-0.922750036901016	-0.23441278228812	0
-0.690088540290457	-0.260756230381933	0
-0.501051074294377	-0.0324463469022139	0
-0.181141516454858	-0.102695541819051	0
0.28418147676626	-0.0148840481730047	0
0.0951440107701806	0.099270893566855	0
-0.326554951836458	-0.506628412590862	0
-0.559216448447017	0.00267825055620446	0
-0.471968387218057	-0.506628412590862	0
-0.617381822599657	0.0378028480146229	0
-0.181141516454858	0.371486523869598	0
-0.137517485840379	-0.0236651975376093	0
-0.501051074294377	-0.146601288642074	0
-0.879126006286536	-0.146601288642074	0
0.720421782911059	0.389048822598807	0
-0.602840479061497	0.257331582129738	0
-0.922750036901016	-0.23441278228812	0
-0.704629883828617	-0.366130022757189	0
1.72377448704409	0.20464468594211	0
-0.762795257981256	-0.366130022757189	0
-0.413803013065418	0.143176640389878	0
-0.733712570904936	0.10805204293146	0
-0.704629883828617	0.450516868151039	0
-0.442885700141738	0.055365146743832	0
-0.733712570904936	-0.0148840481730047	0
-0.166600172916698	0.125614341660669	0
-0.0357280810732589	0.0465839973792274	0
-0.239306890607498	-0.418816918944816	0
-0.675547196752297	-0.269537379746538	0
0.16785072846098	0.055365146743832	0
-0.908208693362856	-0.243193931652724	0
0.502301629838659	-0.146601288642074	0
-0.820960632133896	-0.717375997341372	0
-0.413803013065418	0.143176640389878	0
-0.195682859993018	0.143176640389878	0
-0.137517485840379	0.116833192296064	0
0.734963126449218	0.20464468594211	0
-0.442885700141738	-0.0675709443606323	0
-0.675547196752297	-0.269537379746538	0
-0.486509730756217	-0.497847263226258	0
-0.137517485840379	-0.00610289880840013	0
-0.384720325989098	-0.33100542529877	0
-0.224765547069338	-0.199288184829701	0
0.13876804138466	-0.172944736735887	0
-0.530133761370697	-0.260756230381933	0
-0.530133761370697	-0.682251399882954	0
-0.384720325989098	-0.33100542529877	0
-0.224765547069338	-0.199288184829701	0
-0.501051074294377	-0.374911172121793	0
-0.442885700141738	-0.734938296070582	0
-0.544675104908857	-0.787625192258209	0
-0.268389577683818	-0.840312088445837	0
-0.559216448447017	-0.875436685904255	0
-0.413803013065418	-0.752500594799791	0
0.429594912147859	-0.594439906236908	0
-0.166600172916698	0.257331582129738	0
-0.413803013065418	-0.0851332430898415	0
-0.864584662748376	-0.155382438006678	0
-0.166600172916698	0.257331582129738	0
0.16785072846098	-0.190507035465097	0
-0.791877945057576	-0.199288184829701	0
-0.486509730756217	0.055365146743832	0
0.22601610261362	0.547109511161689	0
1.52019567750986	3.6292929381379	0
0.0951440107701806	2.73361570294823	0
0.18239207199914	2.68092880676061	0
0.35688819445706	2.22430903980117	0
0.35688819445706	2.82142719659428	0
0.516842973376819	2.42627547518707	0
0.28418147676626	2.13649754615512	0
-0.0938934552258987	2.672147657396	0
2.26180419795601	2.63702305993758	0
1.79648120473489	2.72483455358363	0
2.20363882380337	2.32968283217642	0
1.78193986119673	2.95314443706335	0
1.4329476162809	3.33073385974135	0
1.95643598365465	1.60962858427885	0
2.00006001426913	1.58328513618503	0
0.00789594954122095	2.25943363725959	0
0.37142953799522	3.58538719131488	0
-0.122976142302219	2.51408696883312	0
-0.108434798764059	2.98826903452177	0
1.78193986119673	3.50635684703344	0
2.27634554149417	3.52391914576265	0
1.41840627274274	3.14632972308465	0
-1.12632884643526	-1.06862197192556	1
-0.806419288595736	-1.00715392637332	1
-1.66435855734717	-1.26180725794686	1
-0.908208693362856	-1.01593507573793	1
-1.66435855734717	-1.31449415413449	1
-1.31536631243133	-0.910561283362674	1
-1.16995287704973	-1.16521461493621	1
-1.44623840427477	-1.28815070604067	1
-1.53348646550373	-1.3408376022283	1
-1.44623840427477	-1.28815070604067	1
-1.53348646550373	-1.3408376022283	1
-1.32990765596949	-1.35839990095751	1
-1.54802780904189	-1.27936955667607	1
-1.53348646550373	-1.3408376022283	1
-0.733712570904936	-0.954467030185697	1
-1.00999809812998	-0.954467030185697	1
-0.806419288595736	-0.936904731456487	1
-0.268389577683818	-0.99837277700872	1
-0.224765547069338	-1.02471622510253	1
-1.06816347228262	-1.22668266048844	1
-1.06816347228262	-1.22668266048844	1
-0.908208693362856	-1.08618427065477	1
-1.35899034304581	-1.23546380985304	1
-1.12632884643526	-1.06862197192556	1
-0.733712570904936	-1.26180725794686	1
-1.66435855734717	-1.26180725794686	1
-1.47532109135109	-1.10374656938397	1
-1.35899034304581	-1.11252771874858	1
-1.24265959474053	-1.12130886811318	1
-1.46077974781293	-1.22668266048844	1
-0.661005853214137	-1.07740312129016	1
-1.15541153351158	-1.41108679714514	1
-1.57711049611821	-1.39352449841593	1
-0.137517485840379	-1.07740312129016	1
-1.0390807852063	-1.18277691366542	1
-1.25720093827869	-1.40230564778053	1
-1.27174228181685	-1.28815070604067	1
-1.44623840427477	-0.99837277700872	1
-1.22811825120237	-0.963248179550301	1
-1.54802780904189	-1.27936955667607	1
-1.56256915258005	-1.21790151112383	1
-0.370178982450938	-0.849093237810441	1
1.11303805844138	-0.822749789716628	1
-1.27174228181685	-1.23546380985304	1
-0.544675104908857	-1.06862197192556	1
0.749504469987378	-0.699813698612163	1
-1.18449422058789	-1.09496542001937	1
-1.28628362535501	-1.21790151112383	1
-0.515592417832537	-1.16521461493621	1
-1.44623840427477	-1.56036633634341	1
-0.515592417832537	-1.16521461493621	1
-1.22811825120237	-1.64817782998946	1
-1.70798258796165	-1.7272081742709	1
-1.62073452673269	-1.58670978443723	1
-1.92610274103405	-0.945685880821092	1
-1.92610274103405	-0.945685880821092	1
-1.12632884643526	-1.31449415413449	1
-0.631923166137817	-0.734938296070582	1
-1.27174228181685	-1.39352449841593	1
-1.25720093827869	-1.11252771874858	1
-0.762795257981256	-1.09496542001937	1
-0.675547196752297	-1.147652316207	1
-0.806419288595736	-1.06862197192556	1
-1.64981721380901	-1.32327530349909	1
-1.31536631243133	-0.910561283362674	1
-1.57711049611821	-1.31449415413449	1
-1.14087018997342	-0.550534159413885	1
-1.08270481582078	-1.12130886811318	1
-1.09724615935894	-1.11252771874858	1
-1.48986243488925	-1.36718105032211	1
-1.34444899950765	-1.12130886811318	1
-0.588299135523337	-0.805187490987418	1
-1.60619318319453	-1.24424495921765	1
-1.62073452673269	-1.23546380985304	1
-1.48986243488925	-1.1564334655716	1
-1.46077974781293	-1.11252771874858	1
-0.501051074294377	-0.857874387175046	1
-1.28628362535501	-1.09496542001937	1
-1.69344124442349	-1.24424495921765	1
-1.62073452673269	-1.23546380985304	1
-0.879126006286536	-0.805187490987418	1
-1.46077974781293	-1.38474334905132	1
-0.006645393996939	-1.01593507573793	1
-0.530133761370697	0.266112731494342	1
0.444136255686019	0.415392270692621	1
-0.384720325989098	-0.111476691183655	1
-0.0648107681495788	0.503203764338666	1
-0.602840479061497	0.213425835306715	1
0.4150535686097	0.0817085948376458	1
-1.50440377842741	-0.691032549247559	1
-0.471968387218057	0.0378028480146229	1
0.38597088153338	1.5218170906328	1
-0.341096295374618	0.362705374504993	1
-0.428344356603578	0.591015257984712	1
-0.370178982450938	0.573452959255503	1
-0.297472264760138	0.230988134035924	1
0.109685354308341	-0.12025784054826	1
-0.0793521116877388	0.099270893566855	1
1.24391015028482	0.880793187016664	1
0.894917905368978	0.670045602266154	1
-0.471968387218057	0.0729274454730412	2
-0.428344356603578	-0.322224275934166	2
0.589549691067619	-0.0675709443606323	2
-0.224765547069338	-0.199288184829701	2
0.0660613236938607	-0.251975081017329	2
0.00789594954122095	-0.682251399882954	2
-0.137517485840379	-0.480284964497048	2
0.38597088153338	-0.225631632923515	2
0.37142953799522	-0.102695541819051	2
0.38597088153338	-0.225631632923515	2
0.37142953799522	-0.102695541819051	2
-0.544675104908857	-0.129038989912864	2
0.0806026672320207	0.239769283400529	2
-0.661005853214137	-0.497847263226258	2
-0.384720325989098	-0.137820139277469	2
-0.224765547069338	-0.199288184829701	2
-0.0648107681495788	-0.0500086456314231	2
0.793128500601858	0.0729274454730412	2
1.2875341808993	-0.269537379746538	2
-0.152058829378538	-0.699813698612163	2
-0.253848234145658	-0.638345653059931	2
0.996707310136097	-0.44516036703863	2
-0.166600172916698	-0.691032549247559	2
0.720421782911059	0.248550432765133	2
-0.0357280810732589	-0.427598068309421	2
1.44748895981906	0.222206984671319	2
0.109685354308341	-0.743719445435186	2
0.29872282030442	-0.269537379746538	2
-0.239306890607498	-0.313443126569561	2
-0.980915411053656	-0.515409561955467	2
1.34569955505194	0.151957789754483	2
-0.166600172916698	-0.357348873392584	2
-0.530133761370697	-0.0148840481730047	2
0.778587157063698	0.213425835306715	2
-0.195682859993018	-0.55931530877849	2
0.0660613236938607	-0.374911172121793	2
-0.457427043679897	-0.515409561955467	2
0.502301629838659	-0.278318529111143	2
-0.748253914443096	-0.857874387175046	2
0.982165966597938	-0.0412274962668185	2
0.705880439372898	-0.137820139277469	2
0.16785072846098	-0.190507035465097	2
1.49111299043354	-0.21685048355891	2
-0.0357280810732589	-0.65590795178914	2
-0.588299135523337	-0.664689101153745	2
-0.253848234145658	-0.21685048355891	2
-0.515592417832537	-0.480284964497048	2
-0.181141516454858	-0.99837277700872	2
1.40386492920458	0.678826751630758	2
0.15330938492282	-0.0675709443606323	2
1.40386492920458	0.678826751630758	2
0.0224372930793809	-0.576877607507699	2
-0.370178982450938	-0.357348873392584	2
2.01460135780729	0.0290216986500183	2
-0.486509730756217	-0.164163587371283	2
-0.195682859993018	-0.33100542529877	2
0.28418147676626	-0.0148840481730047	2
-0.181141516454858	-0.129038989912864	2
-1.05362212874446	-0.576877607507699	2
1.08395537136506	-0.111476691183655	2
-0.282930921221978	0.0641462961084366	2
-0.631923166137817	-0.295880827840352	2
-0.122976142302219	-0.0324463469022139	2
0.982165966597938	0.0904897442022504	2
0.604091034605779	0.599796407349317	2
-0.733712570904936	-0.348567724027979	2
-0.602840479061497	0.0290216986500183	2
-0.733712570904936	-0.55931530877849	2
-0.893667349824696	-0.251975081017329	2
0.109685354308341	0.0904897442022504	2
1.04033134075058	-0.506628412590862	2
0.924000592445298	-0.322224275934166	2
0.38597088153338	-0.339786574663375	2
0.18239207199914	-0.0851332430898415	2
-0.631923166137817	-0.181725886100492	2
-0.341096295374618	-0.129038989912864	2
0.458677599224179	-0.612002204966117	2
0.00789594954122095	-0.796406341622814	2
-0.341096295374618	-1.00715392637332	2
1.4329476162809	-0.322224275934166	2
2.88708197009689	-0.0587897949960277	2
-0.326554951836458	-0.805187490987418	2
-0.297472264760138	-0.383692321486398	2
-0.224765547069338	-0.427598068309421	2
-0.152058829378538	-0.585658756872304	2
0.633173721682099	0.169520088483692	2
0.705880439372898	2.36480742963484	2
1.2875341808993	2.32968283217642	2
0.865835218292658	1.78525157157094	2
1.17120343259402	2.21552789043656	2
2.87254062655873	2.11015409806131	2
3.89043467422993	2.81264604722968	2
2.97433003132585	1.94331226013382	2
0.720421782911059	2.18040329297814	2
1.84010523534937	1.5305982399974	2
0.35688819445706	2.0925917993321	2
0.502301629838659	2.98826903452177	2
3.52690108577593	1.34619410334071	2
3.09066077963113	1.79403272093554	2
2.66896181702449	1.00372927812113	2
0.35688819445706	-0.0587897949960277	3
-0.341096295374618	-0.357348873392584	3
0.909459248907138	0.415392270692621	3
0.0806026672320207	-0.383692321486398	3
0.0806026672320207	-0.383692321486398	3
-0.399261669527258	-0.0939143924544461	3
-0.515592417832537	-0.480284964497048	3
-0.559216448447017	-0.339786574663375	3
-0.399261669527258	-0.0939143924544461	3
-0.515592417832537	-0.480284964497048	3
-0.559216448447017	-0.339786574663375	3
-0.195682859993018	-0.44516036703863	3
0.00789594954122095	-0.339786574663375	3
-0.762795257981256	-0.12025784054826	3
0.1969334155373	-0.208069334194306	3
0.40051222507154	-0.295880827840352	3
0.35688819445706	-0.322224275934166	3
-0.806419288595736	-0.418816918944816	3
0.894917905368978	-0.251975081017329	3
0.25509878968994	-0.243193931652724	3
-0.0357280810732589	-0.190507035465097	3
-0.108434798764059	-0.269537379746538	3
-0.224765547069338	-0.199288184829701	3
0.0515199801557008	-0.137820139277469	3
-0.631923166137817	-0.295880827840352	3
0.3423468509189	-0.172944736735887	3
0.24055744615178	-0.0236651975376093	3
-0.166600172916698	-0.348567724027979	3
0.880376561830818	0.0202405492854137	3
0.0806026672320207	-0.726157146705977	3
-0.399261669527258	-0.761281744164395	3
1.47657164689538	0.494422614974062	3
0.21147475907546	-0.339786574663375	3
-0.704629883828617	-0.88421783526886	3
-0.370178982450938	-0.23441278228812	3
-0.530133761370697	-0.682251399882954	3
-0.312013608298298	-0.603221055601513	3
0.2696401332281	-0.00610289880840013	3
-0.617381822599657	-0.734938296070582	3
0.0951440107701806	-0.427598068309421	3
0.4150535686097	-0.585658756872304	3
0.18239207199914	-0.67347025051835	3
1.01124865367426	0.0729274454730412	3
0.38597088153338	0.055365146743832	3
-0.442885700141738	-0.752500594799791	3
-0.0793521116877388	-0.629564503695326	3
0.15330938492282	-0.65590795178914	3
-0.573757791985177	-0.23441278228812	3
-0.384720325989098	-0.225631632923515	3
-0.704629883828617	-0.576877607507699	3
0.15330938492282	0.187082387212901	3
0.0224372930793809	0.0114593999208091	3
-0.0793521116877388	0.0729274454730412	3
-0.471968387218057	-0.172944736735887	3
-0.733712570904936	0.10805204293146	3
-0.559216448447017	-0.453941516403235	3
0.2696401332281	-0.269537379746538	3
-1.05362212874446	-0.67347025051835	3
-0.428344356603578	-0.418816918944816	3
-0.355637638912778	-0.243193931652724	3
0.25509878968994	-0.12025784054826	3
0.25509878968994	-0.12025784054826	3
-0.0502694246114189	-0.427598068309421	3
-0.341096295374618	-0.471503815132444	3
0.32780550738074	-0.532971860684676	3
-0.835501975672056	-0.287099678475747	3
0.37142953799522	0.195863536577506	3
0.32780550738074	-0.532971860684676	3
-0.0502694246114189	0.678826751630758	3
-0.806419288595736	-0.304661977204956	3
-0.0502694246114189	0.678826751630758	3
-0.486509730756217	0.0817085948376458	3
-0.210224203531178	-0.0851332430898415	3
-0.762795257981256	-0.33100542529877	3
0.0224372930793809	-0.102695541819051	3
-0.471968387218057	-0.392473470851002	3
0.691339095834739	-0.295880827840352	3
1.12757940197954	-0.181725886100492	3
-0.588299135523337	-0.541753010049281	3
0.0515199801557008	-0.401254620215607	3
-0.719171227366777	-0.462722665767839	3
-0.675547196752297	-0.0500086456314231	3
-0.835501975672056	0.0465839973792274	3
0.851293874754498	-0.278318529111143	3
-0.704629883828617	0.20464468594211	3
0.15330938492282	-0.199288184829701	3
-0.413803013065418	-0.752500594799791	3
-0.253848234145658	-0.743719445435186	3
2.98887137486401	2.46140007264549	3
2.14547344965073	1.5130359412682	3
1.27299283736114	1.84671961712317	3
0.851293874754498	2.1013729486967	3
0.4150535686097	1.72378352601871	3
1.88372926596385	2.60189846247917	3
1.76739851765857	2.03990490314447	3
1.69469179996778	1.41644329825754	3
0.953083279521618	2.34724513090563	3
4.7338325994432	2.11015409806131	3
2.37813494626129	1.35497525270531	3
2.74166853471529	1.76768927284173	3
-0.006645393996939	-0.699813698612163	4
0.4150535686097	0.292456179588156	4
1.37478224212826	-0.67347025051835	4
-0.0357280810732589	-0.313443126569561	4
0.502301629838659	-0.524190711320071	4
0.502301629838659	-0.524190711320071	4
0.793128500601858	-0.129038989912864	4
0.793128500601858	-0.129038989912864	4
-0.210224203531178	-0.550534159413885	4
-0.152058829378538	-0.366130022757189	4
1.1421207455177	-0.190507035465097	4
1.85464657888753	0.125614341660669	4
0.516842973376819	-0.155382438006678	4
0.0660613236938607	-0.374911172121793	4
0.0369786366175408	-0.480284964497048	4
0.705880439372898	0.116833192296064	4
-0.530133761370697	-0.576877607507699	4
-0.530133761370697	-0.576877607507699	4
0.444136255686019	-0.506628412590862	4
-0.762795257981256	-0.67347025051835	4
1.05487268428874	-0.23441278228812	4
0.24055744615178	-0.822749789716628	4
1.01124865367426	-0.453941516403235	4
2.21818016734153	-0.243193931652724	4
0.982165966597938	-0.568096458143094	4
0.21147475907546	-0.585658756872304	4
0.502301629838659	-0.146601288642074	4
-0.210224203531178	-0.550534159413885	4
0.25509878968994	-0.260756230381933	4
0.618632378143939	-0.348567724027979	4
-0.355637638912778	-0.243193931652724	4
1.63652642581514	-0.164163587371283	4
0.32780550738074	-0.304661977204956	4
-0.122976142302219	-0.629564503695326	4
0.0660613236938607	-0.620783354330722	4
0.4150535686097	0.0114593999208091	4
0.996707310136097	0.195863536577506	4
0.720421782911059	-0.410035769580212	4
0.4150535686097	-0.831530939081232	4
0.38597088153338	-0.813968640352023	4
0.24055744615178	-0.726157146705977	4
-0.617381822599657	-0.629564503695326	4
-0.471968387218057	-1.12130886811318	4
-0.108434798764059	-1.18277691366542	4
-0.762795257981256	-0.647126802424536	4
0.38597088153338	-0.208069334194306	4
-0.486509730756217	-0.287099678475747	4
-0.210224203531178	-0.453941516403235	4
-0.442885700141738	-0.410035769580212	4
-0.355637638912778	-0.576877607507699	4
0.40051222507154	-0.576877607507699	4
0.35688819445706	-0.0587897949960277	4
2.11639076257441	0.248550432765133	4
-0.0357280810732589	-0.436379217674025	4
0.25509878968994	-0.392473470851002	4
-0.0357280810732589	-0.436379217674025	4
0.21147475907546	-0.585658756872304	4
0.28418147676626	-0.506628412590862	4
0.124226697846501	-0.866655536539651	4
0.4150535686097	-1.04227852383174	4
0.00789594954122095	-1.12130886811318	4
0.938541935983458	-0.805187490987418	4
-0.0648107681495788	-0.866655536539651	4
-0.021186737535099	-1.09496542001937	4
1.24391015028482	-0.594439906236908	4
1.81102254827305	-0.410035769580212	4
-0.021186737535099	-0.88421783526886	4
-0.137517485840379	-1.02471622510253	4
1.52019567750986	-0.638345653059931	4
-0.181141516454858	-1.29693185540528	4
-0.0357280810732589	-1.28815070604067	4
-0.122976142302219	-1.13887116684239	4
0.124226697846501	-1.07740312129016	4
-0.0793521116877388	-0.532971860684676	4
0.2696401332281	-0.620783354330722	4
0.00789594954122095	-0.339786574663375	4
1.37478224212826	-0.00610289880840013	4
-0.341096295374618	-0.471503815132444	4
-0.137517485840379	-0.708594847976768	4
0.545925660453139	-0.304661977204956	4
0.633173721682099	0.160738939119087	4
1.11303805844138	-0.410035769580212	4
1.05487268428874	-0.137820139277469	4
-0.152058829378538	-0.471503815132444	4
-0.471968387218057	-0.620783354330722	4
-0.253848234145658	-0.427598068309421	4
-0.355637638912778	-0.366130022757189	4
0.938541935983458	-0.304661977204956	4
0.109685354308341	-0.524190711320071	4
1.60744373873882	-0.427598068309421	4
-0.501051074294377	-0.489066113861653	4
-0.166600172916698	-0.462722665767839	4
-0.0648107681495788	-0.0500086456314231	4
0.0660613236938607	-0.0148840481730047	4
0.00789594954122095	-0.796406341622814	4
4.00676542253521	0.195863536577506	4
0.473218942762339	-0.260756230381933	4
4.06493079668785	2.70727225485442	4
1.76739851765857	1.96965570822763	4
2.47992435102841	1.92574996140461	4
-0.835501975672056	-0.0587897949960277	5
-1.25720093827869	0.0817085948376458	5
-0.0938934552258987	0.0641462961084366	5
-0.820960632133896	-0.0851332430898415	5
-0.370178982450938	0.134395491025273	5
-0.297472264760138	-0.0324463469022139	5
-0.428344356603578	0.0465839973792274	5
-0.937291380439176	-0.33100542529877	5
-0.166600172916698	-0.23441278228812	5
-0.282930921221978	0.459298017515643	5
-0.195682859993018	0.406611121328016	5
-1.0390807852063	-0.269537379746538	5
-0.108434798764059	-0.269537379746538	5
-0.108434798764059	-0.269537379746538	5
-0.559216448447017	-0.225631632923515	5
-0.544675104908857	-0.23441278228812	5
-0.282930921221978	-0.0412274962668185	5
-0.719171227366777	-0.243193931652724	5
-0.719171227366777	-0.243193931652724	5
0.458677599224179	0.0290216986500183	5
0.2696401332281	-0.137820139277469	5
-0.995456754591816	-0.0763520937252369	5
-0.297472264760138	0.468079166880248	5
-0.690088540290457	0.327580777046575	5
-0.268389577683818	-0.515409561955467	5
-0.0648107681495788	-0.172944736735887	5
-0.341096295374618	-0.129038989912864	5
-0.0793521116877388	0.310018478317365	5
0.35688819445706	-0.0587897949960277	5
0.109685354308341	0.0904897442022504	5
0.24055744615178	0.0114593999208091	5
-0.355637638912778	-0.366130022757189	5
-1.1117875028971	0.10805204293146	5
-0.661005853214137	-0.0587897949960277	5
-0.181141516454858	0.00267825055620446	5
-1.15541153351158	-0.199288184829701	5
0.28418147676626	-0.0148840481730047	5
-1.15541153351158	-0.304661977204956	5
-0.573757791985177	-0.21685048355891	5
-0.879126006286536	-0.471503815132444	5
-0.951832723977336	-0.44516036703863	5
-0.922750036901016	-0.462722665767839	5
-0.152058829378538	0.511984913703271	5
0.633173721682099	-0.752500594799791	5
-0.631923166137817	-0.831530939081232	5
-0.559216448447017	-0.348567724027979	5
-0.922750036901016	-0.0236651975376093	5
0.16785072846098	-0.190507035465097	5
-1.12632884643526	-0.111476691183655	5
-0.820960632133896	0.0378028480146229	5
-0.501051074294377	-0.374911172121793	5
-0.355637638912778	0.503203764338666	5
-0.297472264760138	0.468079166880248	5
-0.442885700141738	-0.313443126569561	5
-0.748253914443096	-0.225631632923515	5
-0.748253914443096	-0.225631632923515	5
-0.733712570904936	-0.0148840481730047	5
-0.922750036901016	-0.23441278228812	5
-0.559216448447017	0.459298017515643	5
-0.820960632133896	0.389048822598807	5
-1.02453944166814	-0.0587897949960277	5
-0.384720325989098	-0.33100542529877	5
-1.35899034304581	-0.181725886100492	5
-0.864584662748376	-0.269537379746538	5
0.1969334155373	0.0378028480146229	5
-0.0502694246114189	-0.0587897949960277	5
0.38597088153338	0.731513647818386	5
-0.820960632133896	0.0465839973792274	5
-0.937291380439176	-0.225631632923515	5
-0.253848234145658	-0.304661977204956	5
-0.661005853214137	-0.0587897949960277	5
-0.297472264760138	0.336361926411179	5
-0.951832723977336	-0.102695541819051	5
-0.399261669527258	-0.436379217674025	5
-0.428344356603578	-0.418816918944816	5
-0.021186737535099	-0.44516036703863	5
-0.210224203531178	-0.436379217674025	5
-0.108434798764059	-0.515409561955467	5
-0.675547196752297	-0.594439906236908	5
-0.908208693362856	-0.55931530877849	5
-0.166600172916698	-0.23441278228812	5
-0.908208693362856	-0.761281744164395	5
2.13093210611257	3.10242397626163	5
1.53473702104802	3.07608052816781	5
1.78193986119673	2.06624835123828	5
2.87254062655873	1.92574996140461	5
-0.108434798764059	2.8565517940527	5
-0.0938934552258987	2.53164926756233	5
0.0224372930793809	2.12771639679052	5
0.429594912147859	2.18040329297814	5
-0.282930921221978	2.61067961184377	5
1.81102254827305	2.24187133853038	5
0.37142953799522	2.39115087772865	5
1.49111299043354	2.75995915104205	5
1.94189464011649	2.11893524742591	5
1.11303805844138	2.25065248789498	5
0.924000592445298	2.05746720187368	5
0.16785072846098	2.68970995612521	5
1.18574477613218	1.92574996140461	5
1.63652642581514	1.80281387030015	5
-0.501051074294377	-0.489066113861653	6
-0.152058829378538	-0.357348873392584	6
-0.0357280810732589	-0.0851332430898415	6
0.13876804138466	-0.295880827840352	6
-0.690088540290457	-0.374911172121793	6
-0.122976142302219	-0.383692321486398	6
0.0224372930793809	-0.348567724027979	6
0.0224372930793809	-0.348567724027979	6
-0.253848234145658	-0.524190711320071	6
-0.166600172916698	-0.357348873392584	6
-0.253848234145658	-0.524190711320071	6
-0.166600172916698	-0.357348873392584	6
0.24055744615178	-0.480284964497048	6
-0.268389577683818	-0.295880827840352	6
-0.530133761370697	-0.471503815132444	6
-0.384720325989098	-0.44516036703863	6
-1.64981721380901	-0.00610289880840013	6
-0.181141516454858	-0.102695541819051	6
-0.501051074294377	-0.278318529111143	6
-0.253848234145658	-0.348567724027979	6
-0.326554951836458	-0.260756230381933	6
-0.370178982450938	-0.453941516403235	6
-0.0502694246114189	-0.181725886100492	6
-0.326554951836458	-0.366130022757189	6
-0.791877945057576	-0.427598068309421	6
-0.719171227366777	-0.243193931652724	6
-0.210224203531178	-0.436379217674025	6
-0.413803013065418	-0.427598068309421	6
-0.181141516454858	-0.225631632923515	6
-0.370178982450938	-0.453941516403235	6
-0.588299135523337	-0.436379217674025	6
-0.457427043679897	-0.401254620215607	6
-0.457427043679897	-0.401254620215607	6
-0.0938934552258987	-0.278318529111143	6
-0.442885700141738	-0.410035769580212	6
-0.239306890607498	0.0378028480146229	6
0.0660613236938607	-0.374911172121793	6
-0.268389577683818	0.055365146743832	6
-0.675547196752297	-0.383692321486398	6
-0.268389577683818	-0.664689101153745	6
-0.282930921221978	-0.392473470851002	6
-0.631923166137817	-0.410035769580212	6
0.458677599224179	-0.12025784054826	6
-0.0357280810732589	-0.313443126569561	6
-0.428344356603578	-0.638345653059931	6
-0.646464509675977	-0.612002204966117	6
-0.486509730756217	-0.497847263226258	6
-0.559216448447017	-0.770062893529	6
0.24055744615178	-0.594439906236908	6
-0.588299135523337	-0.322224275934166	6
-0.312013608298298	-0.269537379746538	6
-0.486509730756217	0.187082387212901	6
-0.239306890607498	-0.190507035465097	6
-0.181141516454858	-0.102695541819051	6
-0.297472264760138	-0.155382438006678	6
0.13876804138466	-0.0500086456314231	6
0.124226697846501	-0.410035769580212	6
-0.806419288595736	-0.726157146705977	6
-0.282930921221978	-0.164163587371283	6
-0.0357280810732589	-0.0675709443606323	6
-0.0502694246114189	-0.427598068309421	6
-0.893667349824696	0.301237328952761	6
0.0660613236938607	-0.726157146705977	6
-0.297472264760138	-0.497847263226258	6
-0.413803013065418	-0.427598068309421	6
-0.428344356603578	-0.199288184829701	6
-0.762795257981256	-0.541753010049281	6
-0.835501975672056	-0.497847263226258	6
-0.588299135523337	-0.436379217674025	6
-0.646464509675977	-0.401254620215607	6
-1.15541153351158	0.476860316244853	6
-0.980915411053656	0.626139855443131	6
-0.0648107681495788	-0.0675709443606323	6
0.953083279521618	0.371486523869598	6
0.00789594954122095	0.397829971963411	6
-0.0793521116877388	0.450516868151039	6
-0.006645393996939	0.652483303536945	6
0.00789594954122095	0.397829971963411	6
-0.0793521116877388	0.450516868151039	6
-0.006645393996939	0.652483303536945	6
-0.937291380439176	0.00267825055620446	6
-0.413803013065418	-0.313443126569561	6
-0.617381822599657	-0.0851332430898415	6
-0.733712570904936	-0.348567724027979	6
-0.573757791985177	-0.44516036703863	6
-0.224765547069338	-0.427598068309421	6
-0.501051074294377	-0.155382438006678	6
-0.326554951836458	-0.805187490987418	6
-0.428344356603578	-0.304661977204956	6
-0.501051074294377	-0.699813698612163	6
0.31326416384258	-0.0324463469022139	6
0.0951440107701806	-0.620783354330722	6
1.27299283736114	2.15405984488433	6
0.778587157063698	2.32090168281182	6
4.37029901098921	3.10242397626163	6
1.09849671490322	1.47791134380978	6
1.81102254827305	1.69744007792489	6
2.07276673195993	1.7150023766541	6
2.08730807549809	1.7062212272895	6
1.22936880674666	1.87306306521698	6
1.0694140278269	-0.612002204966117	7
0.604091034605779	-0.339786574663375	7
0.40051222507154	-0.453941516403235	7
0.0951440107701806	-0.620783354330722	7
-0.021186737535099	-0.550534159413885	7
0.13876804138466	-0.761281744164395	7
0.0369786366175408	-0.585658756872304	7
-0.297472264760138	-0.717375997341372	7
0.0369786366175408	-0.585658756872304	7
-0.297472264760138	-0.717375997341372	7
-0.442885700141738	-0.734938296070582	7
-0.0502694246114189	-0.647126802424536	7
-0.297472264760138	-0.822749789716628	7
-0.137517485840379	-0.594439906236908	7
0.0224372930793809	-0.576877607507699	7
0.0224372930793809	-0.576877607507699	7
0.996707310136097	-0.44516036703863	7
0.953083279521618	-0.155382438006678	7
0.29872282030442	-0.743719445435186	7
-0.152058829378538	-0.805187490987418	7
0.00789594954122095	-0.568096458143094	7
0.575008347529459	-0.313443126569561	7
0.647715065220259	-0.23441278228812	7
-0.108434798764059	-0.612002204966117	7
-0.0793521116877388	-0.743719445435186	7
0.458677599224179	-0.840312088445837	7
-0.021186737535099	-0.436379217674025	7
-0.122976142302219	-0.717375997341372	7
-0.166600172916698	-0.576877607507699	7
-0.181141516454858	-0.682251399882954	7
-0.282930921221978	-0.734938296070582	7
0.953083279521618	-0.664689101153745	7
0.0660613236938607	-0.726157146705977	7
1.20028611967034	-0.199288184829701	7
0.31326416384258	-0.401254620215607	7
-0.166600172916698	-0.576877607507699	7
0.0951440107701806	-0.849093237810441	7
0.734963126449218	-0.410035769580212	7
0.109685354308341	-0.629564503695326	7
-0.253848234145658	-0.743719445435186	7
0.822211187678178	-0.585658756872304	7
0.807669844140018	-0.453941516403235	7
0.429594912147859	-0.480284964497048	7
0.691339095834739	-0.383692321486398	7
-0.166600172916698	-0.691032549247559	7
2.78529256532977	0.055365146743832	7
-0.210224203531178	-0.770062893529	7
0.2696401332281	-0.620783354330722	7
-0.0357280810732589	-0.875436685904255	7
0.0224372930793809	-0.805187490987418	7
-0.413803013065418	-1.26180725794686	7
0.28418147676626	-0.963248179550301	7
0.676797752296579	-1.42864909587434	7
-0.239306890607498	-1.16521461493621	7
0.633173721682099	-0.963248179550301	7
-0.137517485840379	-0.594439906236908	7
-0.210224203531178	-0.875436685904255	7
-0.181141516454858	-0.576877607507699	7
-0.268389577683818	-0.629564503695326	7
-0.0793521116877388	-0.629564503695326	7
-0.515592417832537	-0.691032549247559	7
-0.312013608298298	-0.489066113861653	7
0.31326416384258	-0.638345653059931	7
-0.297472264760138	-0.717375997341372	7
-0.0793521116877388	-0.515409561955467	7
-0.181141516454858	-0.568096458143094	7
-0.253848234145658	-0.963248179550301	7
0.0951440107701806	-0.954467030185697	7
0.21147475907546	-0.813968640352023	7
-0.268389577683818	-0.515409561955467	7
0.0515199801557008	-0.489066113861653	7
0.31326416384258	-0.524190711320071	7
0.0224372930793809	-0.576877607507699	7
1.04033134075058	-0.339786574663375	7
1.3602408985901	-0.401254620215607	7
0.938541935983458	-0.0148840481730047	7
-0.341096295374618	-0.796406341622814	7
-0.108434798764059	-0.936904731456487	7
2.21818016734153	0.819325141464432	7
2.77075122179161	1.98721800695684	7
3.86135198715361	2.21552789043656	7
1.68015045642962	1.46034904508057	7
2.53808972518105	0.907136635110478	7
1.70923314350593	1.27594490842387	7
1.38932358566642	1.16178996668401	7
2.16001479318889	1.17057111604862	7
2.72712719117713	1.3286318046115	7
4.67566722529056	1.86428191585238	7
2.94524734424953	0.696389050359968	7
2.18909748026521	1.78525157157094	7
1.86918792242569	1.01251042748573	7
1.94189464011649	1.61840973364345	7
2.77075122179161	1.43400559698675	7
3.52690108577593	1.60962858427885	7
2.39267628979945	2.17162214361354	7
3.42511168100881	2.4789623713747	7
3.20699152793641	2.25943363725959	7
2.20363882380337	1.46034904508057	7
1.95643598365465	1.43400559698675	7
1.59290239520066	1.17935226541322	7
-1.08270481582078	-0.348567724027979	8
-1.51894512196557	-0.295880827840352	8
-1.15541153351158	0.959823531298105	8
-0.559216448447017	0.00267825055620446	8
-0.122976142302219	0.230988134035924	8
0.0369786366175408	0.266112731494342	8
-0.0793521116877388	0.20464468594211	8
-0.995456754591816	-0.0763520937252369	8
-1.27174228181685	0.0904897442022504	8
-1.27174228181685	0.0904897442022504	8
-1.22811825120237	0.0641462961084366	8
-1.15541153351158	0.239769283400529	8
-0.704629883828617	0.0904897442022504	8
-0.602840479061497	0.626139855443131	8
-1.31536631243133	0.213425835306715	8
-0.719171227366777	0.195863536577506	8
-0.791877945057576	0.503203764338666	8
-0.253848234145658	0.257331582129738	8
-0.428344356603578	0.380267673234202	8
0.37142953799522	0.591015257984712	8
0.444136255686019	0.0202405492854137	8
-1.24265959474053	0.0729274454730412	8
-0.791877945057576	0.143176640389878	8
-0.748253914443096	0.713951349089177	8
0.31326416384258	0.7578570959122	8
-0.355637638912778	0.10805204293146	8
-1.32990765596949	0.125614341660669	8
-1.25720093827869	0.0817085948376458	8
-0.0502694246114189	0.187082387212901	8
-0.355637638912778	0.766638245276804	8
-0.908208693362856	-0.243193931652724	8
-1.06816347228262	-0.260756230381933	8
0.124226697846501	0.345143075775784	8
-0.428344356603578	0.520766063067876	8
0.444136255686019	0.696389050359968	8
-0.0938934552258987	0.740294797182991	8
-1.14087018997342	0.230988134035924	8
-1.00999809812998	0.274893880858947	8
-0.893667349824696	-0.0236651975376093	8
-1.08270481582078	0.547109511161689	8
-0.471968387218057	-0.0500086456314231	8
-0.893667349824696	-0.0236651975376093	8
-0.806419288595736	-0.410035769580212	8
-0.908208693362856	-0.453941516403235	8
-0.922750036901016	-0.339786574663375	8
-1.00999809812998	-0.287099678475747	8
-1.06816347228262	-0.568096458143094	8
0.0951440107701806	0.485641465609457	8
-0.908208693362856	0.441735718786434	8
-0.762795257981256	0.125614341660669	8
-0.166600172916698	0.0114593999208091	8
-1.41715571719845	0.520766063067876	8
-1.16995287704973	0.248550432765133	8
-1.28628362535501	0.213425835306715	8
-1.41715571719845	-0.0500086456314231	8
-1.32990765596949	-0.199288184829701	8
-0.777336601519416	0.099270893566855	8
-1.06816347228262	0.310018478317365	8
-0.210224203531178	0.670045602266154	8
-1.37353168658397	-0.0763520937252369	8
-1.37353168658397	-0.172944736735887	8
-1.47532109135109	0.099270893566855	8
-0.966374067515496	0.00267825055620446	8
-0.108434798764059	1.11788421986099	8
0.32780550738074	1.10910307049638	8
0.22601610261362	1.17057111604862	8
-1.37353168658397	0.0378028480146229	8
-1.27174228181685	-0.0236651975376093	8
-1.1117875028971	-0.00610289880840013	8
-1.08270481582078	-0.0236651975376093	8
-1.40261437366029	-0.155382438006678	8
-1.15541153351158	0.239769283400529	8
-1.1117875028971	0.213425835306715	8
-0.530133761370697	0.099270893566855	8
-0.602840479061497	0.257331582129738	8
-0.675547196752297	0.301237328952761	8
0.458677599224179	0.266112731494342	8
-0.588299135523337	-0.208069334194306	8
-1.24265959474053	-0.55931530877849	8
0.28418147676626	-0.278318529111143	8
-1.24265959474053	-0.55931530877849	8
0.28418147676626	-0.278318529111143	8
-0.748253914443096	-0.761281744164395	8
-0.399261669527258	-0.322224275934166	8
-0.937291380439176	-0.436379217674025	8
0.851293874754498	3.427326502752	8
-0.0938934552258987	2.32090168281182	8
2.77075122179161	4.45472097841073	8
-0.0938934552258987	2.36480742963484	8
0.516842973376819	2.83020834595888	8
0.764045813525538	3.54148144449186	8
0.909459248907138	2.76874030040665	8
-0.239306890607498	2.75995915104205	8
-0.239306890607498	2.2857770853534	8
1.08395537136506	2.88289524214651	8
0.29872282030442	2.55799271565614	8
0.1969334155373	3.30439041164753	8
-0.544675104908857	2.94436328769874	8
-0.137517485840379	2.72483455358363	8
0.40051222507154	3.37463960656437	8
-0.777336601519416	-0.638345653059931	9
-1.12632884643526	-0.532971860684676	9
-0.297472264760138	-0.155382438006678	9
-0.559216448447017	-0.339786574663375	9
0.18239207199914	-0.322224275934166	9
-0.384720325989098	-0.225631632923515	9
-0.442885700141738	-0.524190711320071	9
-0.0502694246114189	-0.304661977204956	9
-1.37353168658397	0.0378028480146229	9
2.81437525240609	0.274893880858947	9
-0.166600172916698	-0.23441278228812	9
-0.0502694246114189	-0.304661977204956	9
0.502301629838659	-0.146601288642074	9
0.18239207199914	-0.322224275934166	9
-0.0938934552258987	-0.506628412590862	9
-0.122976142302219	-0.260756230381933	9
-0.515592417832537	-0.366130022757189	9
-0.326554951836458	-0.137820139277469	9
-0.181141516454858	-0.348567724027979	9
-0.326554951836458	-0.137820139277469	9
-0.428344356603578	-0.418816918944816	9
-0.515592417832537	-0.366130022757189	9
-0.312013608298298	-0.146601288642074	9
0.13876804138466	-0.172944736735887	9
-0.312013608298298	-0.146601288642074	9
-0.341096295374618	-0.243193931652724	9
-0.486509730756217	-0.287099678475747	9
-0.268389577683818	0.055365146743832	9
0.429594912147859	-0.23441278228812	9
1.09849671490322	-0.111476691183655	9
1.0694140278269	-0.225631632923515	9
0.0660613236938607	-0.251975081017329	9
-0.850043319210216	-0.594439906236908	9
0.734963126449218	-0.155382438006678	9
0.705880439372898	-0.137820139277469	9
-0.544675104908857	-0.462722665767839	9
0.24055744615178	-0.357348873392584	9
0.29872282030442	-0.629564503695326	9
0.21147475907546	-0.691032549247559	9
-0.719171227366777	-1.07740312129016	9
-0.282930921221978	-0.849093237810441	9
-0.544675104908857	-0.787625192258209	9
-0.588299135523337	-0.954467030185697	9
-0.835501975672056	-1.00715392637332	9
0.28418147676626	-0.963248179550301	9
-0.559216448447017	-1.13887116684239	9
-0.0938934552258987	-0.963248179550301	9
-0.370178982450938	-0.936904731456487	9
-0.559216448447017	-0.339786574663375	9
-0.791877945057576	-0.313443126569561	9
1.18574477613218	0.0817085948376458	9
-0.326554951836458	0.880793187016664	9
-0.0938934552258987	-0.401254620215607	9
0.25509878968994	-0.12025784054826	9
-0.631923166137817	-0.295880827840352	9
-0.341096295374618	-0.00610289880840013	9
0.124226697846501	0.187082387212901	9
-0.181141516454858	0.134395491025273	9
-0.152058829378538	-0.146601288642074	9
-0.777336601519416	-0.322224275934166	9
-0.559216448447017	-0.453941516403235	9
-0.908208693362856	-0.453941516403235	9
-0.806419288595736	-0.304661977204956	9
-0.602840479061497	-0.313443126569561	9
-0.850043319210216	-0.164163587371283	9
0.109685354308341	-0.278318529111143	9
0.32780550738074	-0.647126802424536	9
0.18239207199914	-0.55931530877849	9
0.24055744615178	-0.594439906236908	9
-0.253848234145658	-0.532971860684676	9
-0.268389577683818	-0.945685880821092	9
-0.181141516454858	-0.787625192258209	9
0.0806026672320207	0.371486523869598	9
-0.486509730756217	-0.269537379746538	9
-0.748253914443096	-0.550534159413885	9
-0.297472264760138	-0.383692321486398	9
-0.733712570904936	-0.664689101153745	9
-0.268389577683818	-0.515409561955467	9
-0.762795257981256	-0.647126802424536	9
-0.486509730756217	-0.383692321486398	9
-0.0938934552258987	-0.0324463469022139	9
2.11639076257441	2.33846398154103	9
4.96649409605376	2.75995915104205	9
3.49781839869961	1.36375640206992	9
0.982165966597938	1.54816053872661	9
0.982165966597938	2.74239685231284	9
0.109685354308341	2.97070673579256	9
0.40051222507154	2.79508374850047	9
3.16336749732193	2.4789623713747	9
3.22153287147457	2.44383777391628	9
2.42175897687577	1.85550076648777	9
0.676797752296579	1.56572283745582	9
0.778587157063698	2.14527869551973	9
1.5783610516625	1.78525157157094	9
1.17120343259402	1.9081876626754	9
1.40386492920458	1.59206628554964	9
1.08395537136506	1.48669249317438	9
1.12757940197954	1.93453111076922	9
1.92735329657833	1.64475318173726	9
1.2148274632085	2.05746720187368	9
